[4k DXT1]
44 44 53 20 7C 00 00 00 07 10 0A 00 00 10 00 00 00 10 00 00 00 00 80 00 00 00 00 00 06 00 00 00 00 00 00 00 00 00 00 00 00 00 00 00 00 00 00 00 00 00 00 00 00 00 00 00 00 00 00 00 00 00 00 00 00 00 00 00 00 00 00 00 00 00 00 00 20 00 00 00 04 00 00 00 44 58 54 31 00 00 00 00 00 00 00 00 00 00 00 00 00 00 00 00 00 00 00 00 08 10 40 00 00 00 00 00 00 00 00 00 00 00 00 00 00 00 00 00

[4k DXT5]
44 44 53 20 7C 00 00 00 07 10 0A 00 00 10 00 00 00 10 00 00 00 00 00 01 00 00 00 00 06 00 00 00 00 00 00 00 00 00 00 00 00 00 00 00 00 00 00 00 00 00 00 00 00 00 00 00 00 00 00 00 00 00 00 00 00 00 00 00 00 00 00 00 00 00 00 00 20 00 00 00 04 00 00 00 44 58 54 35 00 00 00 00 00 00 00 00 00 00 00 00 00 00 00 00 00 00 00 00 08 10 40 00 00 00 00 00 00 00 00 00 00 00 00 00 00 00 00 00

[4k ATI2 - For Normal Maps]
44 44 53 20 7C 00 00 00 07 10 0A 00 00 10 00 00 00 10 00 00 00 00 00 01 00 00 00 00 06 00 00 00 00 00 00 00 00 00 00 00 00 00 00 00 00 00 00 00 00 00 00 00 00 00 00 00 00 00 00 00 00 00 00 00 00 00 00 00 00 00 00 00 00 00 00 00 20 00 00 00 04 00 00 00 41 54 49 32 00 00 00 00 00 00 00 00 00 00 00 00 00 00 00 00 00 00 00 00 08 10 40 00 00 00 00 00 00 00 00 00 00 00 00 00 00 00 00 00

[2k DXT1]
44 44 53 20 7C 00 00 00 07 10 0A 00 00 08 00 00 00 08 00 00 00 00 20 00 00 00 00 00 05 00 00 00 00 00 00 00 00 00 00 00 00 00 00 00 00 00 00 00 00 00 00 00 00 00 00 00 00 00 00 00 00 00 00 00 00 00 00 00 00 00 00 00 00 00 00 00 20 00 00 00 04 00 00 00 44 58 54 31 00 00 00 00 00 00 00 00 00 00 00 00 00 00 00 00 00 00 00 00 08 10 40 00 00 00 00 00 00 00 00 00 00 00 00 00 00 00 00 00

[2k DXT5]
44 44 53 20 7C 00 00 00 07 10 0A 00 00 08 00 00 00 08 00 00 00 00 40 00 01 00 00 00 01 00 00 00 00 00 00 00 00 00 00 00 00 00 00 00 00 00 00 00 00 00 00 00 00 00 00 00 00 00 00 00 00 00 00 00 00 00 00 00 00 00 00 00 00 00 00 00 20 00 00 00 04 00 00 00 44 58 54 35 00 00 00 00 00 00 00 00 00 00 00 00 00 00 00 00 00 00 00 00 00 10 00 00 00 00 00 00 00 00 00 00 00 00 00 00 00 00 00 00

[2k ATI2 - For Normal Maps]
44 44 53 20 7C 00 00 00 07 10 0A 00 00 08 00 00 00 08 00 00 00 00 20 00 00 00 00 00 05 00 00 00 00 00 00 00 00 00 00 00 00 00 00 00 00 00 00 00 00 00 00 00 00 00 00 00 00 00 00 00 00 00 00 00 00 00 00 00 00 00 00 00 00 00 00 00 20 00 00 00 04 00 00 00 41 54 49 32 00 00 00 00 00 00 00 00 00 00 00 00 00 00 00 00 00 00 00 00 08 10 40 00 00 00 00 00 00 00 00 00 00 00 00 00 00 00 00 00

[1k DXT1]
44 44 53 20 7C 00 00 00 07 10 02 00 00 04 00 00 00 04 00 00 00 00 00 00 00 00 00 00 0B 00 00 00 00 00 00 00 00 00 00 00 00 00 00 00 00 00 00 00 00 00 00 00 00 00 00 00 00 00 00 00 00 00 00 00 00 00 00 00 00 00 00 00 00 00 00 00 20 00 00 00 04 00 00 00 44 58 54 31 00 00 00 00 00 00 00 00 00 00 00 00 00 00 00 00 00 00 00 00 08 10 40 00 00 00 00 00 00 00 00 00 00 00 00 00 00 00 00 00

[1k DXT5]
44 44 53 20 7C 00 00 00 07 10 02 00 00 04 00 00 00 04 00 00 00 00 00 00 00 00 00 00 0B 00 00 00 00 00 00 00 00 00 00 00 00 00 00 00 00 00 00 00 00 00 00 00 00 00 00 00 00 00 00 00 00 00 00 00 00 00 00 00 00 00 00 00 00 00 00 00 20 00 00 00 04 00 00 00 44 58 54 35 00 00 00 00 00 00 00 00 00 00 00 00 00 00 00 00 00 00 00 00 08 10 40 00 00 00 00 00 00 00 00 00 00 00 00 00 00 00 00 00

[1k ATI2 - For Normal Maps]
44 44 53 20 7C 00 00 00 07 10 02 00 00 04 00 00 00 04 00 00 00 00 00 00 00 00 00 00 0B 00 00 00 00 00 00 00 00 00 00 00 00 00 00 00 00 00 00 00 00 00 00 00 00 00 00 00 00 00 00 00 00 00 00 00 00 00 00 00 00 00 00 00 00 00 00 00 20 00 00 00 04 00 00 00 41 54 49 32 00 00 00 00 00 00 00 00 00 00 00 00 00 00 00 00 00 00 00 00 08 10 40 00 00 00 00 00 00 00 00 00 00 00 00 00 00 00 00 00
